N 16
DIM 8 8
0 0 1 0 1 0 1 1
0 1 0 1 0 1 0 0
1 1 1 0 0 0 1 1
1 1 1 1 0 0 0 0
0 1 1 1 0 0 0 0
0 1 1 0 1 0 0 1
1 0 0 1 1 0 0 0
1 1 1 1 0 1 1 0
DIM 8 9
0 0 0 0 0 0 1 1 0
0 0 1 0 1 0 1 1 0
1 1 0 1 0 0 1 0 0
0 1 0 0 1 1 1 1 1
0 1 1 1 0 0 0 1 0
1 1 1 1 1 1 0 1 1
0 1 1 1 1 1 0 1 0
0 0 0 1 1 1 0 1 0
DIM 9 6
1 0 0 1 0 0
0 0 0 0 0 1
1 0 0 0 0 0
1 0 0 1 0 1
0 0 1 1 1 0
1 0 0 1 0 0
0 0 0 0 0 1
0 1 0 0 0 0
0 1 0 1 1 0
DIM 6 5
0 1 0 1 0
1 1 1 0 0
0 0 1 1 1
1 1 1 1 0
1 0 1 1 0
0 1 1 0 0
DIM 5 7
1 0 0 1 1 1 0
1 0 1 1 1 0 1
0 0 0 0 0 0 0
1 0 1 1 1 0 1
0 0 1 1 0 0 1
DIM 7 6
0 1 0 0 0 1
1 1 1 0 0 1
1 0 0 1 0 0
0 0 0 0 1 1
1 0 0 1 1 1
1 1 0 0 0 0
0 0 0 0 0 1
DIM 6 9
0 0 1 1 0 0 1 1 0
1 1 0 1 1 0 0 0 1
0 1 0 0 1 0 1 1 1
1 0 0 0 1 1 0 0 0
0 0 0 1 1 1 0 0 1
1 1 0 0 0 1 1 0 0
DIM 9 5
1 1 1 0 0
1 0 1 1 0
0 0 0 0 1
0 0 0 1 0
1 0 1 0 1
1 1 1 1 0
0 1 1 0 1
0 0 0 0 0
0 0 0 0 0
DIM 5 6
0 1 0 1 0 1
1 0 1 1 0 1
1 0 0 1 1 0
0 1 1 0 0 1
0 0 1 0 0 1
DIM 6 6
1 0 1 0 0 0
1 0 0 0 1 1
0 1 1 0 0 1
1 0 1 1 1 0
0 1 0 1 0 0
0 0 1 1 1 1
DIM 6 7
0 1 0 1 0 1 1
1 0 1 0 0 1 1
1 0 0 1 0 0 0
1 1 0 0 0 1 0
0 1 1 0 0 1 0
1 1 0 0 1 1 0
DIM 7 9
0 1 1 1 1 0 0 1 1
0 0 1 1 1 1 1 1 0
1 1 1 0 0 1 0 1 1
1 1 0 1 0 0 0 0 0
1 0 0 0 1 1 1 1 0
1 0 1 1 1 0 1 1 0
0 1 1 1 1 1 1 1 1
DIM 9 7
1 0 0 0 0 0 1
1 1 1 1 1 0 1
0 1 1 1 0 1 1
0 1 0 0 1 1 1
0 1 1 0 0 1 0
0 1 0 0 0 0 0
1 1 0 1 0 1 0
1 1 0 1 1 0 1
1 1 0 0 1 0 1
DIM 7 7
0 0 0 0 0 1 1
1 1 0 1 1 1 1
1 0 1 1 1 0 0
1 0 1 1 1 1 1
0 0 1 0 0 0 0
1 0 0 1 0 0 0
0 1 1 1 0 1 1
DIM 7 7
1 1 1 0 1 1 0
0 0 1 1 0 0 1
0 1 1 0 0 0 0
1 0 1 0 0 1 1
0 1 1 0 1 1 1
1 1 0 1 1 0 1
1 0 0 0 0 1 1
DIM 7 7
0 0 0 1 1 1 1
0 0 0 1 1 0 1
1 0 0 1 0 1 1
1 0 1 1 1 1 0
0 0 0 1 0 0 0
0 0 0 1 0 1 0
1 0 1 1 0 0 0
